3.006901365632800305e-01
2.963293265170646729e-01
3.011304725020690354e-01
3.037111008496130582e-01
3.056625467306590127e-01
3.035218801516530451e-01
2.884290284796038328e-01
2.946559412945156664e-01
3.012714624192601165e-01
2.912866372475464982e-01
2.975320526571996194e-01
2.891828907259056947e-01
2.917788046351125764e-01
2.885176283082998561e-01
3.023477971187081281e-01
2.921048798268223723e-01
2.941787808404732196e-01
3.044310083767877151e-01
3.001516740350371748e-01
2.876692784961566995e-01
2.893209350545035141e-01
2.963714154966375913e-01
2.939033942384596809e-01
2.853882656366990567e-01
2.943659087011195052e-01
2.838518269368963676e-01
2.760413024047504993e-01
2.686839928368796038e-01
2.606997583256478457e-01
2.404199980711028972e-01
2.268495420380238770e-01
2.062529651948768472e-01
1.869096646168467435e-01
1.805148410814882420e-01
1.567496063316969335e-01
1.330867346769042947e-01
1.111957452133803120e-01
9.761396401751401553e-02
8.412619402041364436e-02
8.567784070486413051e-02
8.297004031985034944e-02
9.097167978542101963e-02
8.750855693979314731e-02
8.727123212698714716e-02
8.882686206506563986e-02
9.486660013853116802e-02
1.119625695763170753e-01
1.148573203800822423e-01
1.239480520709681927e-01
1.385658803166059938e-01
1.488782178961114699e-01
1.440307736175186204e-01
1.612225166012682676e-01
1.634104138049003452e-01
1.684244593709225135e-01
1.908884070473020056e-01
1.921541142479878117e-01
2.021439058539253320e-01
2.143447771385278144e-01
2.268477517067078730e-01
2.309756635629745536e-01
2.426160735285258219e-01
2.387047117254209871e-01
2.543866739958045020e-01
2.492367553055914176e-01
2.682534275830299464e-01
2.683181152167131156e-01
2.642120244301526255e-01
2.811768012162779717e-01
2.807543540252502301e-01
2.752737072578411159e-01
2.772214718691537461e-01
2.850053069348587043e-01
2.782196645656873635e-01
2.832111297500495839e-01
2.885848209332969039e-01
2.889487792237475650e-01
2.916186994521899889e-01
2.891940765785489531e-01
2.954738038298723168e-01
3.010521912702230352e-01
2.882226802908381957e-01
2.957947648067832391e-01
2.892498588958579142e-01
2.999856583813539923e-01
2.944748062733386629e-01
2.976835454837367667e-01
2.909944275868417973e-01
2.904211122386781696e-01
2.966475262361923382e-01
2.943495729355832258e-01
3.048610926561110546e-01
3.017723948462563421e-01
3.015070294859122368e-01
3.043044224642134643e-01
2.896560372568864894e-01
2.980522253021984369e-01
2.986402591129739825e-01
3.053975121903285128e-01
2.934273442438265489e-01
