3.013991100000000256e-01
3.096252099999999841e-01
3.127213400000000143e-01
3.057752300000000090e-01
3.069302099999999811e-01
3.069302099999999811e-01
3.253718199999999783e-01
3.060642499999999822e-01
3.005013000000000267e-01
3.187013000000000207e-01
3.118925100000000117e-01
3.153068299999999824e-01
3.253718199999999783e-01
3.246031699999999964e-01
3.093580599999999903e-01
3.245475299999999730e-01
3.243310799999999938e-01
3.307277599999999818e-01
3.061167200000000088e-01
3.005509599999999781e-01
3.187013000000000207e-01
3.150718200000000024e-01
3.002175300000000102e-01
3.060642499999999822e-01
3.002175300000000102e-01
2.823580199999999873e-01
2.603276299999999766e-01
2.411092599999999919e-01
1.797158100000000036e-01
1.856470000000000065e-01
1.501316600000000001e-01
1.033868299999999990e-01
4.993762000000000201e-02
6.658348999999999518e-02
4.157438000000000106e-02
5.928515000000000174e-02
3.329174000000000022e-02
2.580077999999999885e-02
2.494462999999999889e-02
3.581666000000000016e-02
4.161468000000000111e-02
3.329174000000000022e-02
5.078185000000000338e-02
5.078185000000000338e-02
5.924548999999999788e-02
5.255883000000000083e-02
7.115683000000000424e-02
6.026427000000000173e-02
1.159974700000000053e-01
1.256145100000000125e-01
1.338432400000000022e-01
1.271886600000000089e-01
1.394414399999999998e-01
1.520910000000000040e-01
1.836704700000000023e-01
1.791315400000000058e-01
2.023652300000000070e-01
2.028013200000000071e-01
2.137314600000000120e-01
2.067762999999999962e-01
2.207307099999999966e-01
2.258979899999999930e-01
2.067762999999999962e-01
2.308695600000000014e-01
2.308234000000000119e-01
2.507498499999999964e-01
2.653810799999999914e-01
2.653810799999999914e-01
2.602795099999999917e-01
2.564201899999999923e-01
2.709404300000000099e-01
2.602795099999999917e-01
2.845346599999999948e-01
2.761781300000000217e-01
2.761781300000000217e-01
2.995943400000000145e-01
2.986972700000000147e-01
2.986420499999999922e-01
3.178904399999999963e-01
2.995943400000000145e-01
2.939416200000000146e-01
2.804655300000000184e-01
2.995943400000000145e-01
3.126656899999999961e-01
2.976872500000000143e-01
2.995943400000000145e-01
2.930093200000000175e-01
3.118370100000000256e-01
3.118925100000000117e-01
2.894190899999999900e-01
2.930093200000000175e-01
3.118370100000000256e-01
3.033559900000000198e-01
3.150178100000000092e-01
3.032529999999999948e-01
3.123712200000000050e-01
3.160753399999999824e-01
2.995389600000000208e-01
3.064310399999999879e-01
3.024243099999999740e-01
